100
2 1
100 20
200 10
2 2
100 20
200 10
3 2
100 10
100 10
100 10
4 2
9 3
7 1
10 1
8 4
3 2
407661 941836
212904 162104
999501 325614
10 4
87896 484656
637514 66821
594946 71602
744054 57253
74189 574200
587091 72560
93705 454611
218861 194641
476002 89494
92430 460882
10 3
3169 348699
18655 31
3906 387386
3843 306869
3569 347440
3360 321216
3600 352297
18658 15
3483 372613
10729 32
9 3
3942 320174
16032 39
3725 322626
3523 348425
3413 326431
3808 339353
3294 307005
15893 30
3890 353638
6 1
125646 872293
85105 443365
442903 248695
908027 238460
861057 478648
213549 690062
9 6
917470 727497
529111 542986
287810 77071
361594 154781
354512 607313
338864 423433
542693 388093
119870 849790
49759 964721
7 2
546533 164483
604607 148684
840348 106974
186314 482494
109269 822698
868177 103545
229935 390960
2 1
23041 2741
210383 76
2 1
27637 2670
260389 54
6 1
35717 469617
27104 618850
76260 219949
277364 60474
133112 126009
796794 21051
9 3
3114 335843
3157 342320
10062 46
3781 316471
18023 75
3320 387464
3136 390924
3924 360170
3114 356626
6 3
705387 141061
767921 129574
141877 701330
535810 185705
262364 379254
601504 165423
3 1
10302 85
3996 379525
3154 305759
2 1
28135 2360
283967 23
6 1
17624 16
19594 96
3466 341295
3942 344181
3550 392515
3855 365998
10 6
262436 49810
79173 165106
232027 56338
151888 86063
94544 138263
499539 26168
364273 35885
48151 271478
998315 13094
58745 222520
2 1
302567 314334
420166 226356
8 5
152076 59598
19608 462231
29348 308826
264132 34314
25542 354844
17226 526148
42427 213624
14964 605682
3 2
3169 390571
3547 308927
18666 96
7 4
986986 2484
447304 5481
34776 70499
5481 447304
154836 15834
812889 3016
138138 17748
2 1
27158 2206
270334 75
6 3
29637 2789
23994 2465
286846 46
25567 2993
27720 2833
218616 78
10 4
204078 397711
222549 364702
506737 160170
153767 527838
194555 417178
151784 534734
425915 190564
166870 486391
459252 176731
815023 99585
8 3
18302 69
3670 374877
3696 363511
3023 316306
3680 318642
14203 11
3492 301673
3750 391262
4 3
27121 2214
28524 2772
285517 19
28603 2523
3 1
3963 377117
12307 83
3404 306957
6 1
10156 94
3066 335987
3291 378051
3175 393349
3940 331862
14899 43
10 7
88627 322933
201007 142386
75693 378114
88870 322050
46609 614057
319994 89441
103744 275877
37541 762382
47082 607888
352080 81290
6 4
43263 296184
148092 86526
407253 31464
47601 269192
294462 43516
65274 196308
4 3
850847 190734
702095 903087
210297 845174
332110 971525
8 3
111739 625549
166959 418655
148602 470372
95528 731704
156389 446951
139270 501890
135602 515466
356409 196118
8 2
25771 2579
26760 2639
211635 17
25812 2238
28298 2198
293985 26
22159 2443
20861 2871
6 1
23252 2459
27411 2629
20241 2668
24200 2582
231370 5
207392 2
2 2
220662 26796
264132 22386
2 1
26064 2425
214721 41
2 1
149361 451751
341933 197331
2 1
60135 953958
156891 746612
9 5
507129 71208
193192 186921
475272 75981
162564 222138
166152 217341
437224 82593
227943 158424
94392 382571
250838 143964
10 7
538647 161540
916689 94921
92347 942240
408033 213250
224116 388250
107695 807958
441010 197304
111364 781339
518271 167891
164420 529212
3 2
280517 191710
623561 523592
530944 671079
10 6
408177 17544
96492 74214
335916 21318
540702 13244
47988 149226
46053 155496
45353 157896
11438 626076
40936 174933
161766 44268
7 2
883712 56762
50257 998095
586853 85475
127733 392704
75343 665772
476103 105358
436960 114796
9 5
458514 849918
718661 36910
920147 128114
748634 671948
261836 160811
661572 318138
240850 145254
531412 221895
627050 531562
8 6
28169 2326
28820 2119
22019 2947
256476 51
21777 2841
21236 2485
23355 2963
247065 89
5 1
108354 732755
935810 550877
761675 12643
195617 612585
387865 625013
9 4
216587 210385
104577 738816
4344 923726
480594 257471
627349 674675
624971 374570
379106 73284
160940 494558
540569 47780
7 1
3985 361331
17473 58
3889 334737
3762 328057
3367 348203
3548 331147
15040 4
5 2
25551 2336
27387 2874
25188 2770
212689 10
208196 92
10 6
69223 53352
14364 257114
74646 49476
277704 13299
298584 12369
148428 24882
5852 631098
58311 63336
36366 101556
157586 23436
2 1
228419 50
28924 2362
8 5
564329 546245
531672 167572
412313 269033
664143 775718
652554 924691
915235 507917
570773 640929
714391 122364
7 3
609032 83475
292098 866896
74449 963864
876362 655607
309683 53533
929136 511065
239540 368678
5 3
356623 879037
338543 522396
558127 429771
667953 211292
897060 878214
5 3
448868 61938
518568 53613
356454 77996
701592 39627
113832 244237
4 3
14262 85
3549 376049
3651 371856
3173 364134
7 4
712778 656299
597951 690627
550758 913669
669140 227878
592320 843451
343951 171950
183826 215670
4 1
28413 2708
25212 2098
23635 2104
237277 5
5 3
37023 912456
71079 475272
401534 84132
599256 56373
468958 72036
6 4
67896 320943
993922 21924
327267 66584
82708 263466
382858 56916
960876 22678
3 2
65688 347913
184212 124062
29946 763164
7 4
3254 385118
11617 84
3461 328931
3096 304822
3905 324353
11083 8
3849 360301
9 3
533668 394543
665512 462653
463588 82471
425904 957073
197072 785414
275039 699256
568228 867029
983821 626640
828771 473196
5 1
310287 287542
172902 516018
972537 91740
721925 123587
699758 127502
9 5
32062 531468
339549 50184
294462 57868
65436 260406
118881 143336
286713 59432
573426 29716
145521 117096
32338 526932
4 2
453484 179831
869616 790677
321889 925808
366967 162529
9 6
792977 899928
332064 443737
41780 242174
576955 385429
87026 582717
61630 101367
167437 21826
30722 604470
670235 185117
7 2
3191 347222
13371 34
3471 364386
18798 97
3483 353534
3169 348643
3944 380347
8 6
3919 338302
3762 378817
3587 337040
13633 41
3567 307001
3939 358078
3510 371241
10333 15
6 4
3575 303240
15304 25
12428 35
3621 394912
3777 372302
3480 315806
10 6
158004 98642
433566 35948
25641 607848
51084 305102
445284 35002
90706 171828
24552 634809
132867 117304
51471 302808
265734 58652
3 2
779262 129809
644129 58929
35725 692681
10 5
988062 24356
347367 69279
713615 33723
675819 35609
105578 227938
30519 788533
280412 85821
85836 280363
54429 442140
604867 39786
7 5
18371 68
3678 345921
3968 351654
12241 87
3805 300974
3898 322106
3238 397747
4 3
10767 3
3094 362470
3183 308557
3875 357997
6 1
27520 962697
211499 125265
32060 826370
85020 311614
201428 131528
263792 100433
7 1
124552 568420
421609 167923
301578 234758
379935 186342
189252 374093
99406 712209
100812 702276
10 7
812058 576886
194012 487560
457900 221047
135304 162574
394610 996870
937166 176869
732121 152449
776398 676831
829406 683762
561001 670463
5 1
10079 69
18950 54
3877 360678
3231 360207
3609 318942
7 4
443110 193355
236329 362535
146347 585441
141198 606790
390270 219534
585409 146355
410062 208938
7 4
988218 9804
526148 18414
55384 174933
50654 191268
219604 44118
35112 275931
169119 57288
5 3
216340 59
219583 60
26751 2621
28277 2198
21746 2153
10 2
323918 192544
76412 816213
211702 294605
560923 111189
170428 365952
184069 338832
411828 151443
283071 220328
190124 328041
87244 714874
10 10
1000000 1000000
1000000 1000000
1000000 1000000
1000000 1000000
1000000 1000000
1000000 1000000
1000000 1000000
1000000 1000000
1000000 1000000
1000000 1000000
3 1
17867 76
3951 398798
3748 301460
7 4
30504 809991
87699 281736
213624 115661
382571 64584
137268 179998
83076 297414
171626 143964
3 2
715176 16169
14319 807576
256151 45144
4 1
251556 91
21341 2600
23614 2232
29682 2319
2 1
301580 368669
944444 991123
7 4
510081 8568
16236 269178
10556 414018
124236 35178
61992 70499
692172 6314
21924 199342
5 3
37758 382356
23478 614916
631098 22876
570024 25327
142506 101308
8 6
23756 2295
27075 2628
260968 55
22528 2759
29054 2419
20124 2363
22682 2467
271735 39
7 5
288841 3
28754 2220
26285 2551
24896 2624
22103 2543
225748 1
22681 2713
4 2
236951 41
29991 2055
28339 2277
25714 2882
1 1
1 1
9 5
58204 256075
15539 959173
81874 182043
815082 18286
679396 21938
752529 19806
299325 49794
205238 72621
183317 81305
6 4
25308 641886
453096 35853
66526 244188
55944 290377
590121 27528
122322 132804
