100
1 1
540 600
840 900
2 0
900 1260
180 540
1 1
1439 1440
0 1
0 2
1233 1440
775 1233
0 2
541 901
180 540
0 2
519 999
999 1091
0 2
1080 1440
10 360
1 1
88 98
992 1085
2 0
1118 1279
493 1038
2 0
1080 1430
11 361
0 2
726 930
930 1440
0 2
11 361
1080 1440
0 2
1060 1116
891 1028
2 0
948 1362
1362 1440
0 2
925 1440
100 255
1 0
1097 1430
0 1
516 1081
2 0
237 512
587 752
0 1
1360 1440
2 0
1234 1415
825 1234
1 1
721 796
1293 1440
2 0
173 401
1343 1440
0 2
180 540
540 900
2 0
1274 1440
654 778
2 0
474 670
984 1440
0 2
390 856
263 390
1 0
1254 1440
0 1
633 816
2 0
833 1088
1149 1440
0 2
1076 1208
1208 1440
0 2
7 308
1246 1316
0 2
1240 1359
9 193
1 1
729 1230
46 419
0 2
1251 1440
836 1225
0 2
1178 1440
238 561
0 2
1130 1276
1276 1440
2 0
584 598
1258 1440
0 2
1001 1313
746 867
2 0
1403 1440
655 804
0 2
880 1358
817 880
0 1
1324 1440
0 2
405 671
62 82
0 1
733 1440
0 2
1104 1256
1256 1440
0 2
79 335
1093 1139
2 0
939 1323
1323 1440
0 2
248 535
535 861
2 0
578 736
736 825
0 2
1392 1440
1084 1149
0 1
333 336
2 0
1080 1430
10 360
1 0
251 254
0 2
409 574
1019 1023
0 1
1174 1351
1 0
1020 1440
2 0
1297 1440
1046 1297
2 0
1027 1181
1185 1440
2 0
1222 1440
92 113
2 0
783 1136
676 783
2 0
1034 1255
1362 1440
0 2
1430 1440
765 999
0 2
679 965
246 679
1 1
1171 1440
1055 1137
0 2
179 539
540 900
0 2
725 1181
1181 1440
0 2
1291 1440
386 843
2 0
307 359
818 1031
0 1
812 1440
0 1
775 1440
0 2
740 830
830 989
1 1
515 567
1052 1440
1 1
873 1440
375 873
0 2
1011 1365
1365 1440
0 2
1149 1440
764 1149
2 0
906 983
983 1383
0 1
578 791
2 0
1359 1440
1220 1359
1 1
0 1
1439 1440
1 0
68 269
2 0
1079 1429
0 360
2 0
1160 1223
961 1160
0 2
0 1
1439 1440
0 2
290 331
331 384
0 1
1419 1440
2 0
0 360
1080 1430
1 0
889 965
1 1
376 512
1331 1440
0 1
485 500
0 2
1412 1440
1319 1412
2 0
794 1023
584 794
1 0
1149 1440
0 2
1080 1440
0 360
1 1
249 801
801 1145
2 0
1079 1429
10 360
2 0
795 1186
1186 1440
2 0
394 562
1215 1327
0 2
1294 1440
1004 1294
0 2
788 971
971 1440
2 0
1439 1440
0 1
0 1
1433 1440
