100
1 1
540 600
840 900
2 0
900 1260
180 540
1 1
1439 1440
0 1
0 2
1031 1058
512 1031
1 1
1178 1440
526 1178
2 0
849 1407
1407 1440
0 2
946 1010
1348 1440
2 0
1294 1440
827 1294
2 0
1439 1440
0 1
0 2
1401 1440
1132 1401
0 2
1120 1440
1113 1120
2 0
1276 1440
321 374
0 2
834 867
452 804
2 0
324 396
396 493
2 0
1417 1440
147 686
0 2
782 977
1358 1440
1 1
1348 1440
174 422
1 0
234 264
1 0
1295 1440
2 0
1372 1440
92 197
0 2
1048 1440
885 1048
0 1
845 1440
2 0
1032 1344
908 1032
0 2
180 540
541 901
2 0
725 1173
437 573
2 0
217 478
953 1030
1 1
851 1417
834 851
0 2
631 1100
563 631
0 1
1308 1440
2 0
1388 1440
499 812
0 2
540 900
179 539
0 2
1134 1276
1276 1440
2 0
850 1168
1305 1378
2 0
944 1020
795 944
2 0
273 429
509 897
0 1
1302 1350
2 0
966 1076
1167 1440
2 0
139 193
193 613
2 0
309 699
699 964
0 2
11 361
1080 1440
2 0
300 517
817 1068
2 0
1080 1430
11 361
0 2
939 1440
812 826
0 1
976 1065
2 0
909 1256
542 909
2 0
895 977
566 895
2 0
85 121
1137 1256
0 2
611 629
341 611
2 0
1157 1440
968 1157
2 0
608 928
367 368
1 1
512 883
883 1058
2 0
1320 1440
1013 1036
1 0
1131 1440
0 2
415 623
235 415
0 2
444 603
351 444
2 0
977 1312
1312 1360
0 2
490 692
692 1083
2 0
1356 1377
1377 1440
2 0
1372 1440
930 1372
2 0
1080 1430
0 360
0 2
1059 1440
768 1059
0 2
887 1152
293 546
2 0
1080 1430
10 360
0 2
238 309
1264 1440
2 0
1089 1143
1143 1440
2 0
832 984
984 1440
2 0
1050 1113
1113 1440
1 1
940 1440
567 940
1 1
383 404
6 383
0 2
540 900
180 540
0 1
777 1440
0 2
774 883
883 982
0 2
1069 1213
1213 1440
2 0
757 1192
1192 1345
0 2
1080 1440
749 835
0 2
1388 1440
1269 1289
0 2
1235 1440
1045 1235
0 1
950 1440
0 2
829 913
913 1212
0 2
0 360
1080 1440
1 1
806 1420
1420 1429
0 2
0 1
1439 1440
2 0
0 360
1079 1429
2 0
649 880
384 649
1 0
419 453
2 0
536 743
1388 1416
1 1
0 1
1439 1440
2 0
697 850
850 1093
0 2
163 396
883 1201
0 2
175 348
348 506
0 1
1378 1440
2 0
938 1440
841 938
1 0
944 1440
2 0
1079 1429
10 360
0 1
1400 1440
2 0
1065 1440
996 1065
0 2
10 360
1080 1440
2 0
334 347
347 596
0 2
1204 1226
1349 1440
0 2
789 1079
1079 1440
