100
1 1
540 600
840 900
2 0
900 1260
180 540
1 1
1439 1440
0 1
0 2
1182 1432
1432 1440
2 0
11 361
1080 1430
0 2
487 682
374 487
0 2
1042 1440
964 1042
2 0
1186 1440
759 891
2 0
487 525
1171 1440
1 0
27 632
1 1
408 666
666 853
1 0
1181 1440
0 2
10 360
1080 1440
0 2
1380 1440
326 802
2 0
0 1
1439 1440
0 2
179 539
540 900
0 1
994 1440
0 2
235 680
831 911
2 0
335 360
360 444
2 0
301 536
1399 1440
0 2
743 1150
1150 1440
2 0
916 972
972 1440
2 0
1178 1440
62 248
2 0
624 884
266 525
0 1
1244 1420
2 0
710 1101
1101 1298
2 0
943 963
451 943
1 0
939 1310
0 2
884 1257
1257 1440
1 1
455 1069
1069 1440
2 0
1076 1440
969 1076
2 0
10 360
1079 1429
2 0
447 1089
400 447
1 0
12 566
0 2
841 1027
1027 1080
0 2
1080 1440
0 360
0 2
1439 1440
0 1
0 2
1249 1440
777 1249
2 0
74 301
301 776
0 1
1142 1440
1 0
729 1440
0 2
880 987
394 880
1 0
1166 1344
0 2
541 901
180 540
2 0
0 360
1079 1429
2 0
948 1421
1421 1440
0 2
1386 1419
1308 1322
0 2
970 1046
385 728
0 1
1146 1440
0 2
617 621
1378 1440
1 1
925 1035
1035 1440
2 0
1080 1430
0 360
0 1
416 640
2 0
754 1063
1063 1440
1 1
722 795
795 1440
1 0
964 1440
2 0
1005 1440
936 1005
0 1
1413 1440
1 1
0 1
1439 1440
0 2
1008 1227
1227 1361
0 1
134 612
2 0
1098 1304
874 1098
0 2
1130 1362
1362 1440
1 1
1054 1440
381 431
0 2
1222 1440
519 639
0 2
95 542
1169 1440
1 0
187 359
2 0
114 170
170 496
1 0
992 997
0 2
1337 1384
116 717
1 0
1385 1440
2 0
994 1440
886 994
2 0
1115 1440
754 1110
0 2
1183 1440
1129 1183
2 0
810 882
1377 1440
1 0
1397 1440
0 1
1071 1440
0 2
180 540
540 900
2 0
95 342
342 405
2 0
802 1148
1148 1351
0 2
361 509
822 960
2 0
443 530
771 818
0 2
11 97
899 1440
2 0
1392 1440
966 1392
0 1
828 1440
2 0
1330 1440
737 1330
0 2
1080 1440
11 361
1 0
1325 1440
1 1
1416 1440
560 1274
1 0
260 854
2 0
1048 1440
996 1048
0 2
1367 1440
17 315
2 0
1024 1299
989 1024
0 1
1110 1440
0 2
1439 1440
302 482
0 2
1396 1440
1119 1396
2 0
10 360
1080 1430
2 0
838 853
720 838
2 0
1304 1340
1340 1440
0 1
119 654
