100
1 1
540 600
840 900
2 0
900 1260
180 540
1 1
1439 1440
0 1
1 1
229 625
1115 1440
2 0
612 632
1389 1440
1 1
1289 1389
1389 1440
0 2
255 286
929 1440
2 0
899 1440
795 899
0 2
1112 1129
728 1039
2 0
260 901
1021 1049
0 2
721 1025
1025 1440
2 0
10 360
1079 1429
2 0
149 733
733 778
0 1
861 1440
2 0
968 1041
1111 1440
0 2
923 932
932 1440
0 1
499 648
1 0
257 313
2 0
1344 1440
146 530
1 0
1335 1440
0 2
612 811
199 227
2 0
989 996
543 989
2 0
1080 1430
0 360
2 0
1362 1440
1122 1362
0 2
933 1016
848 933
2 0
1396 1436
837 1396
1 0
967 1440
0 2
303 521
521 803
2 0
731 1072
1072 1168
0 1
1103 1271
0 2
173 280
1070 1440
2 0
1083 1151
559 827
1 0
546 743
2 0
604 760
575 604
1 1
1295 1440
1211 1295
2 0
1161 1273
1273 1440
2 0
932 1440
807 932
0 2
53 81
1256 1440
0 2
370 505
1234 1440
2 0
364 631
330 354
1 1
823 1163
1163 1440
2 0
112 281
383 805
0 2
1130 1174
482 1130
0 1
922 1278
0 2
1111 1179
1214 1440
1 1
647 837
502 647
0 2
1353 1440
227 740
1 1
1011 1440
216 282
1 0
153 460
1 1
1027 1053
198 795
2 0
1000 1440
946 1000
0 2
1029 1393
1393 1440
2 0
11 361
1080 1430
0 2
180 540
541 901
2 0
1236 1334
1334 1440
0 1
1410 1440
0 1
1367 1440
0 1
814 1266
0 2
156 799
799 873
2 0
228 548
548 747
0 1
191 582
2 0
935 978
978 1440
0 2
1300 1328
385 1008
1 1
178 255
1149 1440
2 0
268 362
362 409
1 0
1135 1440
1 0
608 815
0 1
1204 1440
0 2
172 441
1145 1440
0 1
420 1103
0 2
1080 1440
0 360
2 0
0 360
1079 1429
0 2
205 242
1275 1421
2 0
343 679
679 896
0 2
731 878
1149 1178
0 2
10 360
1080 1440
0 2
1314 1332
46 393
2 0
1178 1304
1304 1440
0 2
190 587
1182 1440
0 1
778 1440
0 2
1435 1440
954 1435
1 1
1018 1222
1272 1440
0 2
540 900
179 539
2 0
1146 1440
918 1146
0 1
909 919
1 1
616 1147
1147 1440
0 2
1349 1419
1419 1440
0 1
81 532
2 0
249 362
1067 1440
0 2
11 361
1080 1440
0 2
0 1
1439 1440
0 2
555 1072
1094 1161
2 0
1080 1430
10 360
2 0
0 1
1439 1440
0 2
694 1040
428 694
1 1
0 1
1439 1440
0 2
1424 1440
920 1424
1 1
878 1034
204 752
0 2
1393 1400
1400 1440
0 2
180 540
540 900
