100
1 1
540 600
840 900
2 0
900 1260
180 540
1 1
1439 1440
0 1
0 2
821 1440
817 821
1 1
1215 1440
851 1215
2 0
55 105
314 573
1 0
804 1337
2 0
1306 1361
1361 1440
2 0
1035 1103
1103 1155
1 1
117 330
1200 1440
2 0
11 361
1080 1430
0 2
1224 1440
1192 1224
0 2
875 1440
843 875
1 1
707 1293
1293 1398
1 0
1270 1440
2 0
1081 1401
1434 1440
2 0
1285 1440
1197 1285
0 1
518 732
0 2
540 900
179 539
2 0
1337 1440
880 1337
1 0
1064 1440
0 2
915 1018
338 587
0 2
1257 1440
802 1257
2 0
55 481
554 710
2 0
1228 1440
925 1228
1 0
1238 1440
2 0
148 479
1308 1419
1 0
894 1440
2 0
1429 1440
840 1429
1 0
29 336
0 2
300 390
773 1177
1 0
943 1440
2 0
1025 1256
1256 1440
2 0
1209 1337
1337 1440
2 0
27 38
38 326
0 2
541 901
180 540
1 1
1121 1361
1361 1440
0 2
127 389
619 766
1 0
932 1107
1 1
564 728
29 564
1 0
1177 1440
0 2
159 283
126 159
2 0
0 360
1080 1430
0 2
1075 1292
1292 1440
2 0
1178 1440
802 1178
0 1
1204 1440
0 1
1402 1440
0 2
919 1090
1090 1440
1 1
219 244
933 1192
0 1
1081 1440
1 1
932 1440
240 648
2 0
1224 1440
824 1224
2 0
266 312
312 602
2 0
181 835
178 181
0 2
1394 1440
16 444
0 2
405 589
96 273
0 2
1092 1440
867 1092
1 1
544 688
780 1440
0 2
1439 1440
0 1
2 0
1406 1440
17 92
0 1
726 1440
2 0
10 360
1080 1430
1 0
787 860
0 2
1063 1116
1169 1440
0 2
635 1174
1174 1253
0 1
1388 1440
0 2
1152 1440
927 1152
0 2
1080 1440
10 360
1 0
1390 1440
1 1
709 1118
527 709
0 2
1194 1440
1119 1194
0 2
753 972
394 544
1 0
1319 1440
0 2
861 1150
1150 1264
0 2
1323 1440
1195 1323
0 2
0 360
1080 1440
0 1
425 949
2 0
766 1003
701 766
0 2
970 1323
1323 1440
2 0
1079 1429
10 360
2 0
164 797
1407 1440
0 1
227 279
2 0
1079 1429
0 360
0 2
940 1232
878 940
0 2
551 1078
1078 1150
1 1
0 1
1439 1440
1 1
759 1440
206 583
0 2
1075 1440
948 1075
2 0
436 724
355 436
2 0
0 1
1439 1440
0 2
1080 1440
11 361
0 1
1384 1440
2 0
139 416
1261 1440
0 2
146 562
1415 1440
0 2
1179 1440
775 1179
2 0
1386 1440
988 1386
0 2
1357 1440
1225 1357
2 0
1291 1440
708 1228
0 2
180 540
540 900
0 2
852 898
1169 1440
